0   133 0 255
1   131 0 255
2   128 0 255
3   125 0 254
4   122 0 254
5   119 0 254
6   116 0 253
7   113 1 253
8   110 2 252
9   108 3 252
10   106 3 252
11   103 4 251
12   101 5 251
13   99 6 250
14   96 7 250
15   94 8 249
16   92 9 249
17   90 10 248
18   87 12 247
19   85 13 247
20   83 14 246
21   81 16 245
22   79 18 244
23   76 19 243
24   74 21 242
25   72 23 241
26   70 24 240
27   68 26 239
28   66 28 238
29   64 30 237
30   62 32 236
31   60 35 235
32   58 37 233
33   56 39 232
34   54 41 231
35   52 44 229
36   50 46 228
37   48 48 227
38   47 51 225
39   45 53 224
40   43 56 222
41   41 59 221
42   39 61 219
43   38 64 217
44   36 67 216
45   35 69 214
46   33 72 212
47   31 75 211
48   30 78 209
49   28 81 207
50   27 84 205
51   25 87 203
52   24 90 202
53   23 93 200
54   21 96 198
55   20 99 196
56   19 102 194
57   18 105 192
58   16 108 190
59   15 111 188
60   14 114 186
61   13 117 184
62   12 120 182
63   11 123 179
64   10 126 177
65   9 130 175
66   8 133 173
67   7 136 171
68   7 139 169
69   6 142 166
70   5 145 164
71   5 148 162
72   4 151 160
73   3 154 157
74   3 157 155
75   2 160 153
76   2 163 151
77   1 166 148
78   1 169 146
79   1 172 144
80   0 175 141
81   0 178 139
82   0 181 137
83   0 184 134
84   0 186 132
85   0 189 130
86   0 192 127
87   0 194 125
88   0 197 123
89   0 200 120
90   0 202 118
91   0 205 116
92   0 207 113
93   0 209 111
94   1 212 109
95   1 214 106
96   2 216 104
97   2 218 102
98   2 221 99
99   3 223 97
100   3 225 95
101   4 227 93
102   5 229 90
103   5 230 88
104   6 232 86
105   7 234 84
106   8 235 82
107   9 237 79
108   9 239 77
109   10 240 75
110   11 241 73
111   12 243 71
112   13 244 69
113   14 245 67
114   16 246 65
115   17 247 63
116   18 248 61
117   19 249 59
118   20 250 57
119   22 250 55
120   23 251 53
121   24 252 51
122   26 252 49
123   27 253 47
124   29 253 45
125   30 253 44
126   32 253 42
127   33 253 40
128   35 254 38
129   37 253 37
130   38 253 35
131   40 253 33
132   42 253 32
133   44 253 30
134   45 252 29
135   47 252 27
136   49 251 26
137   51 250 24
138   53 250 23
139   55 249 22
140   57 248 20
141   59 247 19
142   61 246 18
143   63 245 17
144   65 244 16
145   67 243 14
146   69 241 13
147   71 240 12
148   73 239 11
149   75 237 10
150   77 235 9
151   79 234 9
152   82 232 8
153   84 230 7
154   86 229 6
155   88 227 5
156   90 225 5
157   93 223 4
158   95 221 3
159   97 218 3
160   99 216 2
161   102 214 2
162   104 212 2
163   106 209 1
164   109 207 1
165   111 205 0
166   113 202 0
167   116 200 0
168   118 197 0
169   120 194 0
170   123 192 0
171   125 189 0
172   127 186 0
173   130 184 0
174   132 181 0
175   134 178 0
176   137 175 0
177   139 172 0
178   141 169 0
179   144 166 1
180   146 163 1
181   148 160 1
182   151 157 2
183   153 154 2
184   155 151 3
185   157 148 3
186   160 145 4
187   162 142 5
188   164 139 5
189   166 136 6
190   169 133 7
191   171 130 7
192   173 126 8
193   175 123 9
194   177 120 10
195   179 117 11
196   182 114 12
197   184 111 13
198   186 108 14
199   188 105 15
200   190 102 16
201   192 99 18
202   194 96 19
203   196 93 20
204   198 90 21
205   200 87 23
206   202 84 24
207   203 81 25
208   205 78 27
209   207 75 28
210   209 72 30
211   211 69 31
212   212 67 33
213   214 64 35
214   216 61 36
215   217 59 38
216   219 56 39
217   221 53 41
218   222 51 43
219   224 48 45
220   225 46 47
221   227 44 48
222   228 41 50
223   229 39 52
224   231 37 54
225   232 35 56
226   233 32 58
227   235 30 60
228   236 28 62
229   237 26 64
230   238 24 66
231   239 23 68
232   240 21 70
233   241 19 72
234   242 18 74
235   243 16 76
236   244 14 79
237   245 13 81
238   246 12 83
239   247 10 85
240   247 9 87
241   248 8 90
242   249 7 92
243   249 6 94
244   250 5 96
245   250 4 99
246   251 3 101
247   251 3 103
248   252 2 106
249   252 1 108
250   252 1 110
251   253 0 113
252   253 0 115
253   253 0 117
254   253 0 119
255   253 0 122
